%YAML:1.0
---
selecciones: !!opencv-matrix
   rows: 12
   cols: 2
   dt: i
   data: [ 745, 7, 777, 44, 821, 7, 875, 42, 921, 10, 946, 39, 974, 11,
       996, 38, 1065, 7, 1122, 39, 1163, 12, 1191, 38 ]
